cam_model: Pinhole
#cam_width: 640
#cam_height: 512
cam_width: 612
cam_height: 512
cam_fx: 454.04350833331017
cam_fy: 454.3249476611736
cam_cx: 298.2274177209387
cam_cy: 262.6155066694388
cam_d0: -0.1752933133685123
cam_d1: 0.10300148748744552,
cam_d2: -0.0006194381955743881
cam_d3: 0.00010625496667797931
