cam_model: Pinhole
#cam_width: 640
#cam_height: 512
cam_width: 612
cam_height: 512
cam_fx: 447.5147576292463
cam_fy: 447.7186850105169
cam_cx: 297.34290828535893
cam_cy: 263.33217568440745
cam_d0: -0.16295214119433765
cam_d1: 0.07877474167395242
cam_d2: -0.0012159011740823368
cam_d3: -0.0002286961458256605
